1500080000000000
3112000000000000
1532000000000000
3212500000000000
1508000000000000
3414000000000000
1501000000000000
3514500000000000
110040104C040008
1200401400041010
1314000000000000
1439CE0000000000
2500004000000050
1532000000000000
3212551400000000
2500004100402050
32125A2800000000
1501000000000000
3514502000000000
2500004200800050
1532000000000000
32125F3C00000000
2500004300C02050
3212645000000000
1508000000000000
3414001000000000
1501000000000000
3514504000000000
2500004400000050
1532000000000000
3212696400000000
2500004500402050
32126E7800000000
1501000000000000
3514506000000000
2500004600800050
1532000000000000
3212738C00000000
2500004700C02050
1504000000000000
3716000000200000
1524800000000000
321278A000000000
1506C00000000000
3414002000000000
1500080000000000
3514508000000000
110200808C080080
1202008041080820
1335540000000000
2120000000000050
1531800000000000
32127C5500000000
2120000004480050
1534800000000000
3212815C00000000
2120000100900050
1524000000000000
321286B100000000
1502400000000000
3414002D80000000
1202008021880420
2120000104000050
1524000000000000
32128A5900000000
2120000184240150
1508000000000000
3716004000000000
15344A0000000000
32128E0100000000
1502400000000000
3414003200000000
1500040000000000
3514508100000000
110401004C0C2080
1204010021080820
2100004000000050
2100004004120050
2100004100240050
2100004104360050
1510000000000000
371600C000200000
1504340000000000
3212935090000000
1500280000000000
3414003680000000
1500020000000000
3514508180000000
1500280000000000
3615000730000000
110802002C146080
1208020010040810
1439CE539C000000
2120000000000060
1508000000000000
371601C000000000
4200000000000000
